 Overlaps                              #types  #peaks   type names
 1 0 0 0 0 0 0 0 0 0 0 0 0 0 0 0 0 0 0 1       14220    'MEF'
 0 0 0 0 0 0 0 0 0 1 0 0 0 0 0 0 0 0 0 1        4232    'intestine'
 0 0 0 0 0 1 0 0 0 0 0 0 0 0 0 0 0 0 0 1        4106    'e14.5-heart'
 0 1 0 0 0 0 0 0 0 0 0 0 0 0 0 0 0 0 0 1        3883    'boneMarrow'
 0 0 0 0 0 0 0 0 0 0 0 1 0 0 0 0 0 0 0 1        3804    'liver'
 0 0 0 0 0 0 0 0 0 0 1 0 0 0 0 0 0 0 0 1        3699    'kidney'
 0 0 0 0 0 0 0 0 1 0 0 0 0 0 0 0 0 0 0 1        3670    'heart'
 0 0 0 0 0 0 0 0 0 0 0 0 1 0 0 0 0 0 0 1        3101    'lung'
 0 0 0 1 0 0 0 0 0 0 0 0 0 0 0 0 0 0 0 1        2107    'cortex'
 0 0 0 0 0 0 0 1 0 0 0 0 0 0 0 0 0 0 0 1        1923    'e14.5-liver'
 0 0 0 0 1 0 0 0 0 0 0 0 0 0 0 0 0 0 0 1        1765    'e14.5-brain'
 0 0 0 0 0 0 1 0 0 0 0 0 0 0 0 0 0 0 0 1        1754    'e14.5-limb'
 0 0 1 0 0 0 0 0 0 0 0 0 0 0 0 0 0 0 0 1        1697    'cerebellum'
 1 1 0 0 0 0 0 0 0 0 0 0 0 0 0 0 0 0 0 2         836    'boneMarrow' 'MEF'
 1 0 0 0 0 1 0 0 0 0 0 0 0 0 0 0 0 0 0 2         760    'kidney' 'MEF'
  'MEF'
 'boneMarrow'
 'cerebellum'
 'cortex'
 'e14.5-brain'
 'e14.5-heart'
 'e14.5-limb'
 'e14.5-liver'
 'heart'
 'intestine'
 'kidney'
 'liver'
 'lung'
 'mESC'
 'olfactoryBulb'
 'placenta'
 'spleen'
 'testes'
 'thymus'


 1 0 0 0 0 0 0 0 0 0 1 0 0 0 0 0 0 0 0 2         689
 1 0 0 0 1 0 0 0 0 0 0 0 0 0 0 0 0 0 0 2         624
 1 0 0 0 0 0 0 0 0 0 0 1 0 0 0 0 0 0 0 2         505
 1 0 0 0 0 0 0 0 1 0 0 0 0 0 0 0 0 0 0 2         469
 1 0 0 0 0 0 0 0 0 1 0 0 0 0 0 0 0 0 0 2         432
 0 1 0 0 0 0 0 0 0 0 1 0 0 0 0 0 0 0 0 2         397
 1 0 1 0 0 0 0 0 0 0 0 0 0 0 0 0 0 0 0 2         348
 0 0 0 0 0 1 0 0 1 0 0 0 0 0 0 0 0 0 0 2         338
 0 0 0 1 0 1 0 0 0 0 0 0 0 0 0 0 0 0 0 2         335
 0 1 0 0 0 0 0 0 0 0 0 0 1 0 0 0 0 0 0 2         335
 1 0 0 0 0 0 0 1 0 0 0 0 0 0 0 0 0 0 0 2         333
 1 0 0 1 0 0 0 0 0 0 0 0 0 0 0 0 0 0 0 2         332
 1 0 0 0 0 0 0 0 0 0 0 0 1 0 0 0 0 0 0 2         283
 0 0 1 0 0 0 0 0 0 0 1 0 0 0 0 0 0 0 0 2         275
 1 0 0 0 0 0 1 0 0 0 0 0 0 0 0 0 0 0 0 2         264
 0 1 0 0 0 1 0 0 0 0 0 0 0 0 0 0 0 0 0 2         246
 0 0 0 0 0 1 0 1 0 0 0 0 0 0 0 0 0 0 0 2         243
 0 0 0 0 0 0 0 1 1 0 0 0 0 0 0 0 0 0 0 2         216
 1 1 0 0 0 0 0 0 0 0 1 0 0 0 0 0 0 0 0 3         205
 0 1 0 0 0 0 0 0 1 0 0 0 0 0 0 0 0 0 0 2         195
 0 0 0 0 0 1 0 0 0 1 0 0 0 0 0 0 0 0 0 2         176
 1 0 1 0 0 0 0 0 0 0 1 0 0 0 0 0 0 0 0 3         169
 0 1 0 0 0 0 0 0 0 0 0 1 0 0 0 0 0 0 0 2         164
 0 0 0 0 0 0 0 0 0 1 0 1 0 0 0 0 0 0 0 2         149
 1 1 0 0 0 0 0 0 1 0 0 0 0 0 0 0 0 0 0 3         142